0 0.011299440063996623
1 0.0
2 0.012711864243653375
3 0.009887004903903276
4 0.005649718042201249
5 0.0
6 0.007062144894956917
7 0.005649719113235096
8 0.00988700477474957
9 0.011299442737456842
10 0.001412428387403532
11 0.014124290436521322
12 0.0056497191951280674
13 0.0183615806141197
14 0.016949146924645487
15 0.01271186764622717
16 0.007062144446228034
17 0.015536725175041094
18 0.007062144673877897
19 0.008474573513697448
20 0.004237293264489911
21 0.005649714718809647
22 0.009887007613430452
23 0.011299432147711308
24 0.0028248606515054843
25 0.009887013486263259
26 0.01694914860523047
27 0.00988700246897367
28 0.0028248590194847618
29 0.0028248576460622905
30 0.004237286261536386
31 0.007062146252196959
32 0.00988700276630737
33 0.01271186212837757
34 0.0014124294915015716
35 0.007062146500087115
36 0.002824860081071214
37 0.01694915415201302
38 0.008474573242739186
39 0.011299439108733348
40 0.0
41 0.015536721725635309
42 0.0028248576799767364
43 0.005649716994150308
44 0.005649717373978654
45 0.0028248591226839015
46 0.001412431051289922
47 0.001412428852182745
48 0.00564972064062286
49 0.007062144664645602
50 0.005649718855037681
51 0.026836157359914375
52 0.008474574233260763
53 0.016949148997172064
54 0.005649719533377588
55 0.002824859948827475
56 0.0028248602844131486
57 0.011299431520761672
58 0.004237287074145859
59 0.01129943126702667
60 0.0028248595389825954
61 0.0056497161340046285
62 0.0014124308529613165
63 0.0028248640944933596
64 0.005649721102837124
65 0.005649724196352963
66 0.015536718249206851
67 0.00282485778930857
68 0.00847457794242726
69 0.00988700369366764
70 0.011299431602807898
71 0.005649719883054674
72 0.004237291821917042
73 0.007062145322826341
74 0.0028248579741828295
75 0.01129943525544638
76 0.016949148482580282
77 0.0070621446374037914
78 0.007062146475884721
79 0.0070621529637585004
80 0.004237285823304863
81 0.007062152063261821
82 0.011299432910910016
83 0.004237297021291917
84 0.009887002756136642
85 0.00564971800303735
86 0.007062146108699373
87 0.005649715592287296
88 0.00988700460562426
89 0.004237288444833348
90 0.00706214950302495
91 0.012711860627049954
92 0.004237296602280992
93 0.0042372876486270455
94 0.014124289949548665
95 0.00706214405913714
96 0.004237288192159678
97 0.015536718286712208
98 0.005649720795179731
99 0.0042372872458218335
100 0.002824864864366979
101 0.011299433786784585
102 0.008474575944821866
103 0.007062146004492185
104 0.007062143767714696
105 0.0028248579154596335
106 0.008474580325421123
107 0.005649717633748352
108 0.014124292761622166
109 0.0070621472846194066
110 0.01977400839148437
111 0.012711864303474131
112 0.005649717931084628
113 0.005649722448833677
114 0.007062146471893559
115 0.016949150087237994
116 0.01977400975905832
117 0.0028248580574923776
118 0.004237286732992684
119 0.012711862891296461
120 0.007062152863892012
121 0.0042372877149250724
122 0.011299432842860129
123 0.0028248594684121206
124 0.004237286454702536
125 0.005649716585856639
126 0.007062148659027548
127 0.0028248572207198773
